version https://git-lfs.github.com/spec/v1
oid sha256:7b22f02f64db327b8311ed281edc74afe90db34aabdf40d454a4038ede0a03cc
size 1776687
